eye 50 50 100
look 50 50 10
up 1 0 0
d 5
bounds -2.0 -2.0 2.0 2.0
res 512 512
recursionLevel 6
ambient 0.2 0.2 0.2
light 20 100 100 1 0.75 0.75 0.75
light 80 100 100 1 0.75 0.75 0.75
sphere 35 60 20 9 1.0 0.0 0.0 1.0 0.0 0.0 0.50 0.50 0.50 0.9 0.9 0.9 1.0 1.0 1.0 32 1.3
sphere 65 60 20 9 0.0 1.0 0.0 0.0 1.0 0.0 0.50 0.50 0.50 0.9 0.9 0.9 1.0 1.0 1.0 32 1.3
sphere 50 35 20 9 0.0 0.0 1.0 0.0 0.0 1.0 0.50 0.50 0.50 0.9 0.9 0.9 1.0 1.0 1.0 32 1.3
sphere 50 50 50 9 0.2 0.2 0.2 0.6 0.6 0.6 0.50 0.50 0.50 0.9 0.9 0.9 0.5 0.5 0.5 64 2.0
eta_outside .8
