eye 53 30 90
look 47 100 -80
up 1 0 0
d 5
bounds -2.5 -2.5 2.5 2.5
res 512 512
recursionLevel 6
ambient .5 .5 .5
light 52 49.5 70 1 1.5 1.5 1.5

sphere 30 50 -24 5 1 1 1 0.8 0.0 0.2 0.50 0.50 0.50 1.2 1.2 1.2 1.0 1.0 1.0 32 1
sphere 34 60 -24 5 1 1 1 0.6 0.0 0.4 0.50 0.50 0.50 1.2 1.2 1.2 1.0 1.0 1.0 32 1
sphere 41 68 -24 5 1 1 1 0.4 0.0 0.6 0.50 0.50 0.50 1.2 1.2 1.2 1.0 1.0 1.0 32 1
sphere 51 72 -24 5 1 1 1 0.2 0.0 0.8 0.50 0.50 0.50 1.2 1.2 1.2 1.0 1.0 1.0 32 1
sphere 61 68 -24 5 1 1 1 0.0 0.0 0.6 0.50 0.50 0.50 1.2 1.2 1.2 1.0 1.0 1.0 32 1
sphere 69 60 -24 5 1 1 1 0.2 0.0 0.4 0.50 0.50 0.50 1.2 1.2 1.2 1.0 1.0 1.0 32 1
sphere 73 50 -24 5 1 1 1 0.4 0.0 0.2 0.50 0.50 0.50 1.2 1.2 1.2 1.0 1.0 1.0 32 1
sphere 69 40 -24 5 1 1 1 0.6 0.0 0.0 0.50 0.50 0.50 1.2 1.2 1.2 1.0 1.0 1.0 32 1
sphere 61 32 -24 5 1 1 1 0.0 0.0 0.4 0.50 0.50 0.50 1.2 1.2 1.2 1.0 1.0 1.0 32 1
sphere 50 30 -24 5 1 1 1 0.1 0.0 0.2 0.50 0.50 0.50 1.2 1.2 1.2 1.0 1.0 1.0 32 1
sphere 40 34 -24 5 1 1 1 0.2 0.0 0.1 0.50 0.50 0.50 1.2 1.2 1.2 1.0 1.0 1.0 32 1
sphere 32 40 -24 5 0 0 0 0.4 0.0 0.0 0.50 0.50 0.50 1.2 1.2 1.2 1.0 1.0 1.0 32 1

sphere 30 50 -12 5 1 1 1 0.8 0.0 0.2 0.50 0.50 0.50 1.2 1.2 1.2 1.0 1.0 1.0 32 1
sphere 34 60 -12 5 1 1 1 0.6 0.0 0.4 0.50 0.50 0.50 1.2 1.2 1.2 1.0 1.0 1.0 32 1
sphere 41 68 -12 5 1 1 1 0.4 0.0 0.6 0.50 0.50 0.50 1.2 1.2 1.2 1.0 1.0 1.0 32 1
sphere 51 72 -12 5 1 1 1 0.2 0.0 0.8 0.50 0.50 0.50 1.2 1.2 1.2 1.0 1.0 1.0 32 1
sphere 61 68 -12 5 1 1 1 0.0 0.0 0.6 0.50 0.50 0.50 1.2 1.2 1.2 1.0 1.0 1.0 32 1
sphere 69 60 -12 5 1 1 1 0.2 0.0 0.4 0.50 0.50 0.50 1.2 1.2 1.2 1.0 1.0 1.0 32 1
sphere 73 50 -12 5 1 1 1 0.4 0.0 0.2 0.50 0.50 0.50 1.2 1.2 1.2 1.0 1.0 1.0 32 1
sphere 69 40 -12 5 1 1 1 0.6 0.0 0.0 0.50 0.50 0.50 1.2 1.2 1.2 1.0 1.0 1.0 32 1
sphere 61 32 -12 5 1 1 1 0.0 0.0 0.4 0.50 0.50 0.50 1.2 1.2 1.2 1.0 1.0 1.0 32 1
sphere 50 30 -12 5 1 1 1 0.1 0.0 0.2 0.50 0.50 0.50 1.2 1.2 1.2 1.0 1.0 1.0 32 1
sphere 40 34 -12 5 1 1 1 0.2 0.0 0.1 0.50 0.50 0.50 1.2 1.2 1.2 1.0 1.0 1.0 32 1
sphere 32 40 -12 5 0 0 0 0.4 0.0 0.0 0.50 0.50 0.50 1.2 1.2 1.2 1.0 1.0 1.0 32 1

sphere 30 50 0 5 1 1 1 0.8 0.0 0.2 0.50 0.50 0.50 1.2 1.2 1.2 1.0 1.0 1.0 32 1
sphere 34 60 0 5 1 1 1 0.6 0.0 0.4 0.50 0.50 0.50 1.2 1.2 1.2 1.0 1.0 1.0 32 1
sphere 41 68 0 5 1 1 1 0.4 0.0 0.6 0.50 0.50 0.50 1.2 1.2 1.2 1.0 1.0 1.0 32 1
sphere 51 72 0 5 1 1 1 0.2 0.0 0.8 0.50 0.50 0.50 1.2 1.2 1.2 1.0 1.0 1.0 32 1
sphere 61 68 0 5 1 1 1 0.0 0.0 0.6 0.50 0.50 0.50 1.2 1.2 1.2 1.0 1.0 1.0 32 1
sphere 69 60 0 5 1 1 1 0.2 0.0 0.4 0.50 0.50 0.50 1.2 1.2 1.2 1.0 1.0 1.0 32 1
sphere 73 50 0 5 1 1 1 0.4 0.0 0.2 0.50 0.50 0.50 1.2 1.2 1.2 1.0 1.0 1.0 32 1
sphere 69 40 0 5 1 1 1 0.6 0.0 0.0 0.50 0.50 0.50 1.2 1.2 1.2 1.0 1.0 1.0 32 1
sphere 61 32 0 5 1 1 1 0.0 0.0 0.4 0.50 0.50 0.50 1.2 1.2 1.2 1.0 1.0 1.0 32 1
sphere 50 30 0 5 1 1 1 0.1 0.0 0.2 0.50 0.50 0.50 1.2 1.2 1.2 1.0 1.0 1.0 32 1
sphere 40 34 0 5 1 1 1 0.2 0.0 0.1 0.50 0.50 0.50 1.2 1.2 1.2 1.0 1.0 1.0 32 1
sphere 32 40 0 5 0 0 0 0.4 0.0 0.0 0.50 0.50 0.50 1.2 1.2 1.2 1.0 1.0 1.0 32 1

sphere 30 50 12 5 1 1 1 0.8 0.0 0.2 0.50 0.50 0.50 1.2 1.2 1.2 1.0 1.0 1.0 32 1
sphere 34 60 12 5 1 1 1 0.6 0.0 0.4 0.50 0.50 0.50 1.2 1.2 1.2 1.0 1.0 1.0 32 1
sphere 41 68 12 5 1 1 1 0.4 0.0 0.6 0.50 0.50 0.50 1.2 1.2 1.2 1.0 1.0 1.0 32 1
sphere 51 72 12 5 1 1 1 0.2 0.0 0.8 0.50 0.50 0.50 1.2 1.2 1.2 1.0 1.0 1.0 32 1
sphere 61 68 12 5 1 1 1 0.0 0.0 0.6 0.50 0.50 0.50 1.2 1.2 1.2 1.0 1.0 1.0 32 1
sphere 69 60 12 5 1 1 1 0.2 0.0 0.4 0.50 0.50 0.50 1.2 1.2 1.2 1.0 1.0 1.0 32 1
sphere 73 50 12 5 1 1 1 0.4 0.0 0.2 0.50 0.50 0.50 1.2 1.2 1.2 1.0 1.0 1.0 32 1
sphere 69 40 12 5 1 1 1 0.6 0.0 0.0 0.50 0.50 0.50 1.2 1.2 1.2 1.0 1.0 1.0 32 1
sphere 61 32 12 5 1 1 1 0.0 0.0 0.4 0.50 0.50 0.50 1.2 1.2 1.2 1.0 1.0 1.0 32 1
sphere 50 30 12 5 1 1 1 0.1 0.0 0.2 0.50 0.50 0.50 1.2 1.2 1.2 1.0 1.0 1.0 32 1
sphere 40 34 12 5 1 1 1 0.2 0.0 0.1 0.50 0.50 0.50 1.2 1.2 1.2 1.0 1.0 1.0 32 1
sphere 32 40 12 5 0 0 0 0.4 0.0 0.0 0.50 0.50 0.50 1.2 1.2 1.2 1.0 1.0 1.0 32 1

sphere 30 50 24 5 1 1 1 0.8 0.0 0.2 0.50 0.50 0.50 1.2 1.2 1.2 1.0 1.0 1.0 32 1
sphere 34 60 24 5 1 1 1 0.6 0.0 0.4 0.50 0.50 0.50 1.2 1.2 1.2 1.0 1.0 1.0 32 1
sphere 41 68 24 5 1 1 1 0.4 0.0 0.6 0.50 0.50 0.50 1.2 1.2 1.2 1.0 1.0 1.0 32 1
sphere 51 72 24 5 1 1 1 0.2 0.0 0.8 0.50 0.50 0.50 1.2 1.2 1.2 1.0 1.0 1.0 32 1
sphere 61 68 24 5 1 1 1 0.0 0.0 0.6 0.50 0.50 0.50 1.2 1.2 1.2 1.0 1.0 1.0 32 1
sphere 69 60 24 5 1 1 1 0.2 0.0 0.4 0.50 0.50 0.50 1.2 1.2 1.2 1.0 1.0 1.0 32 1
sphere 73 50 24 5 1 1 1 0.4 0.0 0.2 0.50 0.50 0.50 1.2 1.2 1.2 1.0 1.0 1.0 32 1
sphere 69 40 24 5 1 1 1 0.6 0.0 0.0 0.50 0.50 0.50 1.2 1.2 1.2 1.0 1.0 1.0 32 1
sphere 61 32 24 5 1 1 1 0.0 0.0 0.4 0.50 0.50 0.50 1.2 1.2 1.2 1.0 1.0 1.0 32 1
sphere 50 30 24 5 1 1 1 0.1 0.0 0.2 0.50 0.50 0.50 1.2 1.2 1.2 1.0 1.0 1.0 32 1
sphere 40 34 24 5 1 1 1 0.2 0.0 0.1 0.50 0.50 0.50 1.2 1.2 1.2 1.0 1.0 1.0 32 1
sphere 32 40 24 5 0 0 0 0.4 0.0 0.0 0.50 0.50 0.50 1.2 1.2 1.2 1.0 1.0 1.0 32 1

sphere 30 50 36 5 1 1 1 0.8 0.0 0.2 0.50 0.50 0.50 1.2 1.2 1.2 1.0 1.0 1.0 32 1
sphere 34 60 36 5 1 1 1 0.6 0.0 0.4 0.50 0.50 0.50 1.2 1.2 1.2 1.0 1.0 1.0 32 1
sphere 41 68 36 5 1 1 1 0.4 0.0 0.6 0.50 0.50 0.50 1.2 1.2 1.2 1.0 1.0 1.0 32 1
sphere 51 72 36 5 1 1 1 0.2 0.0 0.8 0.50 0.50 0.50 1.2 1.2 1.2 1.0 1.0 1.0 32 1
sphere 61 68 36 5 1 1 1 0.0 0.0 0.6 0.50 0.50 0.50 1.2 1.2 1.2 1.0 1.0 1.0 32 1
sphere 69 60 36 5 1 1 1 0.2 0.0 0.4 0.50 0.50 0.50 1.2 1.2 1.2 1.0 1.0 1.0 32 1
sphere 73 50 36 5 1 1 1 0.4 0.0 0.2 0.50 0.50 0.50 1.2 1.2 1.2 1.0 1.0 1.0 32 1
sphere 69 40 36 5 1 1 1 0.6 0.0 0.0 0.50 0.50 0.50 1.2 1.2 1.2 1.0 1.0 1.0 32 1
sphere 61 32 36 5 1 1 1 0.0 0.0 0.4 0.50 0.50 0.50 1.2 1.2 1.2 1.0 1.0 1.0 32 1
sphere 50 30 36 5 1 1 1 0.1 0.0 0.2 0.50 0.50 0.50 1.2 1.2 1.2 1.0 1.0 1.0 32 1
sphere 40 34 36 5 1 1 1 0.2 0.0 0.1 0.50 0.50 0.50 1.2 1.2 1.2 1.0 1.0 1.0 32 1
sphere 32 40 36 5 0 0 0 0.4 0.0 0.0 0.50 0.50 0.50 1.2 1.2 1.2 1.0 1.0 1.0 32 1

sphere 52 49.5 14 13 1 1 1 0.0 0.0 0.0 0.1 0.1 0.1 1.2 1.2 1.2 1 1 1 32 1.3

sphere 30 50 48 5 1 1 1 0.8 0.0 0.2 0.50 0.50 0.50 1.2 1.2 1.2 1.0 1.0 1.0 32 1
sphere 34 60 48 5 1 1 1 0.6 0.0 0.4 0.50 0.50 0.50 1.2 1.2 1.2 1.0 1.0 1.0 32 1
sphere 41 68 48 5 1 1 1 0.4 0.0 0.6 0.50 0.50 0.50 1.2 1.2 1.2 1.0 1.0 1.0 32 1
sphere 51 72 48 5 1 1 1 0.2 0.0 0.8 0.50 0.50 0.50 1.2 1.2 1.2 1.0 1.0 1.0 32 1
sphere 61 68 48 5 1 1 1 0.0 0.0 0.6 0.50 0.50 0.50 1.2 1.2 1.2 1.0 1.0 1.0 32 1
sphere 69 60 48 5 1 1 1 0.2 0.0 0.4 0.50 0.50 0.50 1.2 1.2 1.2 1.0 1.0 1.0 32 1
sphere 73 50 48 5 1 1 1 0.4 0.0 0.2 0.50 0.50 0.50 1.2 1.2 1.2 1.0 1.0 1.0 32 1
sphere 69 40 48 5 1 1 1 0.6 0.0 0.0 0.50 0.50 0.50 1.2 1.2 1.2 1.0 1.0 1.0 32 1
sphere 61 32 48 5 1 1 1 0.0 0.0 0.4 0.50 0.50 0.50 1.2 1.2 1.2 1.0 1.0 1.0 32 1
sphere 50 30 48 5 1 1 1 0.1 0.0 0.2 0.50 0.50 0.50 1.2 1.2 1.2 1.0 1.0 1.0 32 1
sphere 40 34 48 5 1 1 1 0.2 0.0 0.1 0.50 0.50 0.50 1.2 1.2 1.2 1.0 1.0 1.0 32 1
sphere 32 40 48 5 0 0 0 0.4 0.0 0.0 0.50 0.50 0.50 1.2 1.2 1.2 1.0 1.0 1.0 32 1

sphere 52 49.5 24 8 1 1 1 0.0 0.0 0.0 0.1 0.1 0.1 1.2 1.2 1.2 1 1 1 32 3
sphere 52 49.5 34 5 1 1 1 0.0 0.0 0.0 0.1 0.1 0.1 1.2 1.2 1.2 1 1 1 32 3
sphere 52 49.5 44 3 1 1 1 0.0 0.0 0.0 0.1 0.1 0.1 1.2 1.2 1.2 1 1 1 32 3
sphere 52 49.5 54 2 1 1 1 0.0 0.0 0.0 0.1 0.1 0.1 1.2 1.2 1.2 1 1 1 32 3
sphere 52 49.5 60 1 1 1 1 0.0 0.0 0.0 0.1 0.1 0.1 1.2 1.2 1.2 1 1 1 32 3



eta_outside 1

